98
0.183769
0.000845549
0.000843967
0.000843146
0.000868546
0.000918111
0.000990389
0.000970861
0.000864053
0.00089386
0.00104529
0.000831889
0.000932952
0.00104879
0.000884392
0.000935377
0.000891844
0.00107487
0.000994299
0.00107872
0.000977714
0.000860556
0.000959039
0.0010993
0.00114214
0.000859888
0.00120527
0.00104654
0.00113408
0.00111155
0.000924381
0.00117321
0.00122604
0.00103212
0.00122133
0.00111905
0.000929747
0.000944999
0.00119612
0.00127229
0.00112358
0.00110673
0.00104052
0.000931276
0.00113334
0.000933789
0.00131812
0.00123809
0.00114797
0.00134537
0.00136125
0.000958835
0.000871524
0.00137623
0.00140814
0.00115383
0.000979085
0.00117216
0.00107727
0.00143385
0.00100315
0.00128374
0.00101216
0.00146526
0.00113494
0.00142461
0.00114017
0.00147445
0.0011556
0.00136446
0.00107986
0.00149475
0.00150955
0.00127695
0.000948936
0.00155595
0.00145825
0.00154212
0.00143743
0.00124071
0.00154393
0.00139546
0.00160185
0.00161295
0.00135434
0.00153446
0.00132548
0.00157994
0.00139818
0.00162739
0.00157104
0.00163033
0.0016301
0.00165734
0.00163862
0.00168379
0.00164357
0.00169588
1.56409
0.0204805
0.0204318
0.0204023
0.0210263
0.0222358
0.0239977
0.0235255
0.0209315
0.0216499
0.0253118
0.0201348
0.0225723
0.0253752
0.0213855
0.0226162
0.0215644
0.0259984
0.0240486
0.026096
0.0236538
0.020819
0.0232165
0.0266258
0.0276672
0.0208168
0.0292002
0.0253423
0.0274646
0.0269146
0.0223665
0.0283885
0.0296626
0.0249468
0.0295212
0.0270299
0.0224491
0.0228113
0.0288765
0.0307126
0.0271165
0.0267039
0.025101
0.0224618
0.0273321
0.022517
0.0317752
0.0298396
0.0276663
0.032416
0.0327906
0.0231007
0.0209969
0.0331312
0.0338932
0.0277775
0.0235768
0.0282139
0.0259347
0.0344992
0.0241555
0.0308924
0.0243713
0.0352454
0.0273187
0.0342711
0.0274496
0.0354665
0.0278211
0.0328294
0.0260077
0.0359578
0.0363184
0.0307448
0.0228769
0.0374407
0.0351011
0.0371118
0.0346016
0.0298879
0.0371479
0.0335935
0.0385234
0.0387808
0.0326122
0.0369036
0.0319362
0.0380003
0.0336901
0.0391632
0.0378363
0.0392623
0.0392678
0.0399296
0.0394924
0.0405776
0.0396339
0.040896

0
11.0154
0
17.9316
45.8941
0
23.1594
2.67931
9.37267
0
0
0
0
0
50.8231
0
0
9.13307
0
12.4794
7.99201
0
0
0
21.9097
0
0
0
0
0
0
0
0
6.60922
0
3.73291
15.7278
10.3596
21.3857
3.79065
14.7259
0
3.60258
0
0
0
14.5065
0
0
0
0
0
0
0
0
1.65919
0
11.2819
2.70316
14.4294
3.05032
14.1159
0
11.4804
0
0
0
0
0
0
0
0
0
0
0
0
0
0
26.2037
12.7669
0
23.7484
0
0
4.66701
0
0
0
0
0
0
0
0
0
0
0
0
16.0493
0
11.5537
10.8113
0
0
0
2.59572
0
15.9613
0
0
0
0
0
0
0
0
0
0
0
4.59923
22.9698
21.9211
0
0
0
0
6.01897
0
3.43607
0
0
0
0
0
0
0
0
0
0
0
13.0785
0
0
4.97497
0
0
0
15.1413
15.4542
0
0
0
0
0
0
0
0
5.09383
7.93918
4.0617
13.9243
0
0
0
0
3.9346
9.10911
0
14.2122
0
0
0
0
0
0
0
0
0
5.7483
0
34.3524
1.44297
0
4.06672
0
6.99366
0
0
0
19.2993
0
0
0
0
0
0
14.8538
0
0
47.5807
4.91907
0
0
38.733
0
9.53967
0
0
10.6848
11.4083
0
0
0
0
0
0
0
0
22.708
0
14.5739
15.6528
0
0
0
0
0
0
0
9.60414
0
0
0
0
0
0
0
0
0
10.5074
44.7159
0
24.0482
5.49302
0
0
3.32941
0
0
0
0
0
0
0
0
0
44.4479
0
0
23.7344
2.62079
7.42664
0
0
2.2443
12.8118
0
8.21853
0
0
0
0
0
0
0
0
0
21.3427
1.62466
51.0375
17.8242
0
0
0
0
0
2.77326
3.73168
11.5156
7.70836
0
0
0
0
0
0
0
0
5.67133
15.378
22.0094
0
2.49164
2.21594
9.7545
0
0
0
13.734
0
0
0
0
0
0
0
20.7295
14.1905
0
8.95837
4.78235
0
2.46571
0
13.6021
1.98241
3.76455
0
0
2.95878
0
0
0
0
0
0
0
12.3615
0
5.76702
2.61445
2.35598
27.471
9.5837
0
0
0
0
0
0
0
0
0
0
7.46544
0
0
2.89279
2.98601
4.23345
8.89266
0
0
0
0
17.638
0
2.08568
7.11428
0
0
0
0
0
60.4163
34.7503
0
0
0
0
32.5319
0
0
17.6354
20.9054
0
0
0
8.4085
0
0
0
0
0
0
0
0
0
0
0
32.1148
0
4.97344
19.3629
7.06023
0
0
0
13.6719
0
0
0
0
0
0
0
39.8472
0
21.0327
15.3587
69.8619
0
12.0427
1.98905
10.7261
0
0
0
0
0
0
0
0
0
0
0
0
0
0
44.8321
4.75907
0
10.4449
0
0
0
0
0
6.88404
7.53628
0
0
0
0
0
0
5.88365
0
0
7.31131
3.4887
0
18.8646
3.82408
0
6.34121
0
3.62516
0
0
0
0
0
0
0
0
0
0
0
0
13.0212
0
0
0
0
13.3007
7.19587
0
4.96247
4.72381
0
0
0
0
0
0
0
0
0
6.7723
1.43565
5.87017
0
0
0
0
10.7947
0
4.83984
0
0
0
0
0
0
0
0
0
0
9.11349
17.5118
11.3614
4.7342
0
2.18821
0
10.743
0
2.83377
0
0
0
0
0
0
0
0
0
0
15.6133
15.9721
0
0
0
13.7363
4.46778
7.18983
0
0
0
0
0
0
0
0
0
0
0
52.7331
0
18.3137
12.357
0
4.87168
15.8664
0
0
0
0
0
0
0
0
0
0
0
0
0
2.5795
13.6812
1.78974
0
0
3.37501
14.6698
0
3.97043
0
8.48966
0
0
0
0
0
0
22.1024
0
0
0
16.8498
20.8128
0
2.88089
0
4.21357
11.6676
0
0
0
2.60558
0
0
0
0
0
0
5.12807
39.2374
5.29415
0
2.94147
0
0
5.60022
13.7639
0
0
6.20527
5.40172
3.16342
0
0
0
0
0
0
0
0
6.12418
33.4484
5.32365
0
16.9167
40.011
0
0
0
10.7822
0
2.77749
0
0
0
0
0
0
0
5.27928
0
0
17.842
0
0
8.64863
0
10.163
0
0
12.6238
0
0
0
0
0
0
0
12.4735
55.6977
0
16.7173
2.28979
2.48592
0
36.989
13.773
4.88601
0
0
7.9932
0
0
0
0
0
0
0
0
12.8773
0
0
10.1574
0
0
5.90295
0
0
0
24.7153
0
0
0
0
0
0
0
0
0
0
2.17605
24.6881
5.96997
2.16004
10.471
0
0
0
0
0
6.66716
0
0
0
0
0
0
0
0
0
6.53608
0
12.206
0
0
0
0
0
3.77641
6.88449
8.63192
0
0
0
0
0
0
0
0
0
3.73372
0
2.09867
0
0
13.2234
0
7.5753
3.12252
0
15.6788
0
0
0
0
0
0
0
0
0
0
5.14577
41.4008
9.25992
0
0
6.41721
0
0
0
10.1905
3.46452
0
0
0
0
0
0
0
0
5.28127
0
2.31076
6.76151
0
2.60815
9.41582
0
0
2.82294
4.35719
0
0
0
0
0
0
0
2.36935
0
4.53068
52.4936
10.0658
0
14.8436
0
7.87833
0
0
0
0
0
0
0
0
0
7.49056
0
0
0
7.23539
0
10.504
0
0
38.4049
3.70176
0
2.22047
0
7.05195
7.56036
0
0
0
0
0
0
0
16.1029
0
0
23.1063
5.47946
0
9.2223
0
0
12.1456
0
0
0
0
0
0
0
0
0
0
0
0
6.7153
3.39051
0
0
0
2.38991
2.69736
8.6966
0
5.16821
3.8816
0
0
0
0
0
0
0
0
8.63793
0
6.89464
0
2.1712
0
0
0
0
0
0
14.9796
0
0
0
0
0
0
21.2439
0
0
0
11.6603
0
0
0
7.68527
9.818
4.78236
0
6.82306
0
0
0
0
0
17.3717
0
0
0
0
0
1.53212
0
0
11.0958
2.50912
0
1.78648
0
20.799
0
0
0
0
0
0
0
0
0
2.23936
9.15598
7.81849
0
13.0008
0
0
6.81886
0
0
0
1.91417
0
0
0
0
0
0
0
0
0
0
5.10587
0
0
21.6053
0
0
0
5.03458
15.8759
8.11339
0
0
0
0
0
0
0
11.8256
2.7785
48.3684
13.2801
0
1.92733
0
0
0
9.27869
12.0349
4.13055
2.29536
0
0
0
13.7069
0
0
0
0
0
0
9.42352
4.89121
8.23329
0
0
0
0
0
0
2.71619
0
0
0
0
0
0
0
0
0
0
3.41606
0
13.4919
30.0478
0
0
0
0
0
0
0
0
0
0
0
15.6263
0
3.28629
0
5.57676
5.27445
0
0
0
2.24522
6.4656
16.3727
2.3084
0
1.96731
0
0
0
0
0
0
20.5861
0
7.36194
0
10.1719
13.0817
0
2.18361
0
0
0
0
0
17.8266
0
0
0
0
0
0
0
0
4.3741
4.5297
16.8198
0
0
0
8.4639
0
3.94513
7.34175
0
0
0
0
0
0
0
0
0
0
4.43228
23.8826
5.1934
0
11.9913
6.49922
0
2.88827
0
0
0
0
0
0
0
0
0
0
0
0
0
0
15.7175
0
1.72918
0
0
10.9935
0
6.796
0
0
0
0
0
14.7224
0
0
0
0
0
60.3121
11.4832
0
6.13374
0
0
0
0
10.6032
0
0
0
0
0
0
0
0
0
0
4.6774
1.68984
7.85308
1.56199
11.9748
52.0938
4.52006
0
0
9.47406
3.11128
0
0
0
0
0
0
0
0
8.42274
0
0
5.61208
0
0
3.34563
0
0
6.91072
7.32336
0
0
0
0
0
0
0
0
0
0
0
9.19423
9.20538
0
0
5.88118
5.15444
8.83894
4.87753
0
3.28011
0
0
0
0
0
0
0
0
0
15.2394
22.7354
16.5211
0
0
0
0
0
0
0
0
13.8233
0
0
0
0
0
0
0
4.64697
0
0
6.18202
4.58276
0
0
7.30649
1.53019
0
10.4171
0
7.06605
0
0
0
20.8768
0
0
11.816
2.3128
22.8605
38.5348
7.31368
0
0
0
0
0
0
9.86835
5.70644
0
0
0
0
0
0
0
0
0
0
0
15.4242
5.37181
0
6.56375
7.96789
0
0
0
12.8166
0
0
0
0
0
0
0
0
0
0
0
6.67031
0
0
16.8675
0
0
14.3695
0
0
0
0
0
20.3394
0
0
0
0
21.067
0
26.3575
6.19744
6.57657
0
8.61558
0
6.7637
0
2.88629
12.128
0
0
0
0
0
0
0
0
0
15.3648
0
21.7855
0
0
12.5394
0
8.76005
0
5.36905
0
0
0
0
0
0
0
0
0
0
7.43284
2.77295
8.50939
12.9371
0
0
0
0
0
0
0
7.91667
0
0
0
0
0
0
0
30.6968
0
7.14091
43.8603
0
1.86706
3.54162
0
0
0
1.73923
7.41564
0
0
0
0
0
0
0
0
0
3.39669
10.7511
47.2833
4.20478
0
17.3484
20.7509
0
2.83139
0
0
0
0
0
8.12833
0
0
0
0
0
0
0
1.96051
8.13227
0
0
0
0
12.0945
0
6.1991
1.8164
0
0
0
0
0
0
0
0
0
0
63.8879
0
0
3.54861
8.44092
0
7.1489
0
0
0
0
0
0
0
0
0
0
4.12716
0
7.67729
2.23571
5.12336
0
5.4195
0
0
0
0
0
0
0
0
0
0
0
4.45798
0
3.63846
30.4279
0
2.65531
5.65685
0
13.0525
0
0
6.1749
0
0
19.0877
0
0
0
0
0
6.39467
0
2.6637
20.6479
13.7765
18.3209
2.38767
0
0
6.41308
0
3.887
0
0
9.25485
0
0
0
0
0
0
0
23.7859
12.0507
27.3534
13.8744
0
0
3.68324
0
0
23.7966
4.25908
0
0
0
0
0
0
0
0
0
0
0
0
7.30776
4.64387
0
64.5164
2.02705
0
0
3.04746
6.01484
3.70702
0
0
0
0
0
0
23.202
0
14.2753
0
5.84013
0
0
0
0
0
6.3984
0
0
4.32097
0
0
0
0
0
0
0
0
0
1.90377
17.229
0
0
3.3052
0
19.9656
0
0
0
5.54651
0
12.9423
0
0
14.5989
15.3476
0
0
4.48386
13.3526
6.46994
2.95719
0
0
4.3043
3.77062
0
4.02755
0
0
0
0
0
0
0
0
0
12.3132
0
10.3333
19.5183
0
24.4283
18.9776
0
0
0
4.44761
0
2.036
0
0
0
0
0
0
0
0
0
0
5.22139
0
6.93803
6.8429
8.09915
0
0
3.83572
7.76308
4.85599
0
0
0
0
0
0
0
0
1.98856
6.27903
10.0526
0
0
0
10.7457
0
0
0
0
0
0
0
0
0
0
0
12.9926
0
3.56432
0
6.31537
0
2.94327
0
0
9.84772
0
6.7484
0
0
0
0
0
0
0
0
52.8224
0
0
24.394
8.7353
4.82479
0
6.27534
0
2.45631
0
0
0
0
0
0
0
0
0
0
0
0
0
0
35.5425
0
5.13698
0
6.54742
0
0
0
10.0951
0
0
0
0
0
0
0
4.71088
0
0
7.94068
3.09577
0
0
40.0042
0
0
2.28321
5.54157
0
0
0
0
0
0
37.0704
0
6.8644
0
0
0
41.8671
0
0
7.61387
0
0
4.59586
0
21.4443
0
0
0
0
0
0
0
0
0
0
3.03694
7.43298
0
0
0
0
0
0
16.3151
0
0
0
0
0
0
0
0
0
65.3654
0
0
19.2843
0
0
0
20.1672
0
2.68075
0
0
0
0
0
0
0
0
0
7.62943
5.55864
24.4149
2.17874
10.1072
0
0
0
0
0
0
2.92303
9.48082
7.98455
0
0
0
0
0
0
0
0
59.8707
0
14.9338
0
0
4.94967
0
0
13.2439
0
0
11.423
0
0
0
0
0
0
0
0
0
20.5643
8.70996
0
0
0
0
3.95655
6.2023
0
6.28712
0
0
0
0
12.0905
0
25.7462
0
3.49737
22.664
11.757
5.09414
0
5.342
24.3849
12.1879
5.51935
0
0
0
6.5076
0
0
0
0
0
0
12.3095
19.006
11.0083
22.7768
2.44708
6.88431
0
0
0
0
0
0
0
0
0
0
0
14.8177
0
0
0
0
14.7531
6.03146
7.23622
0
0
0
8.833
0
0
0
17.3935
0
0
0
0
0
0
0
15.3978
20.6363
15.4259
10.2056
6.17191
